function [dx]=stable3d_nl_St1_FlowEq(x,u)

dx(1,1) = 0.0000046698351043742758365757603489036*x(1)^2.0 - 7.4999965499557310621980832365807*x(2) - 0.0000052454288506374838313748634737932*x(3) - 8.6999945558687272750830743461847*x(1) + 0.0000029515430107497529007127001264171*x(2)^2.0 + 0.50000515780009524569038603658555*x(3)^2.0 + 0.2000076585230815551241789762571*x(1)*x(2) + 0.099990062211042937678762143605127*x(1)*x(3) + 0.099992306606223796405785719798587*x(2)*x(3) + 2.7000004841018326;

dx(2,1) = 5.9999891474991162709784475737251*x(1) + 3.9999902173731940457912514830241*x(2) + 1.0000084425279776034756196168019*x(3) - 0.000003655515211934428333174469131621*x(1)^2.0 - 0.0000025508722378901642819396837538793*x(2)^2.0 - 0.0000031391485998971980015024766272563*x(3)^2.0 - 0.0000060376739811120118404993050347859*x(1)*x(2) + 0.0000068657420037310760376553273259951*x(1)*x(3) + 0.0000059356856412107108883544146310706*x(2)*x(3) - 5.000004160942135;

dx(3,1) = 3.0000026616311634697353838419076*x(1) + 2.0000034096290093543757393490523*x(2) - 2.5000013143594741471531506249448*x(3) + 0.0000000039302899312824644402501622037577*x(1)^2.0 - 0.000000023782253215459203235020727341271*x(2)^2.0 - 0.000001216568823164692707087306658286*x(3)^2.0 - 0.00000021330988905745363570675765544615*x(1)*x(2) + 0.0000012881718792927997067798911906146*x(1)*x(3) + 0.00000068954153950469520335908809691059*x(2)*x(3) + 0.5000020750789942;
