function [dx]=stable3d_nl_St2_FlowEq(x,u)

dx(1,1) = 2.199998768347455335714357715915*x(1) + 3.5999995174106755868592699698638*x(2) + 3.8999990691985830792987144377548*x(3) + 0.0000013711959729099017444490607231674*x(1)^2.0 + 0.0000038200497265268867143303132350876*x(2)^2.0 + 0.0000043197358704932952797791105717401*x(3)^2.0 + 0.0000039289821984393704008679591589273*x(1)*x(2) + 0.0000045012301464951533019774550290471*x(1)*x(3) + 0.000008076178584017377712273073861476*x(2)*x(3) - 0.000000009931971027340576;

dx(2,1) = 3.0000026749516677249118856707355*x(1) + 2.4000009977929539495278277172474*x(2) + 3.40000203415131219131239959097*x(3) - 0.010005091263710176041694267286416*x(1)^2.0 - 0.000012035002097350019770576894447857*x(2)^2.0 - 0.000012736972751815299027834543637158*x(3)^2.0 - 0.000014144975095855248093286956559649*x(1)*x(2) - 0.000015180406394772184828320483567313*x(1)*x(3) - 0.000024615662458606590061088694550937*x(2)*x(3) + 0.00000004233285259660198;

dx(3,1) = 0.0000058369676113994977178035462617662*x(1)^2.0 - 5.4000008111977511049417444155551*x(2) - 6.7000018893679307296906699775718*x(3) - 5.0000026652066624777148717839736*x(1) + 0.000013879561793722491277488867461068*x(2)^2.0 + 0.000014580756080760574191381921799365*x(3)^2.0 + 0.000016417470063820613759017510045309*x(1)*x(2) + 0.000017473693907220173381160555657673*x(1)*x(3) + 0.000028271303345892033419105002255562*x(2)*x(3) - 0.00000004388430930705941;
