function [dx]=ex1_nodeeeeee_St1_FlowEq(x,u)

dx(1,1) = 0.00000012000676612650341555408003211388*x(2) - 0.000000016552884893782977214884088811964*x(1) + 0.000000079109447553878102917502954211092*x(1)^2.0 + 0.0000010114900654635864696758084645576*x(2)^2.0 - 0.00000069281936062359274124030878969867*x(1)*x(2) + 0.9999999961747696;

dx(2,1) = 1.0000000046372521378401643232792*x(1) + 0.000000051573219153285865571370184396882*x(2) + 0.000000047069444726555697954592911821607*x(1)^2.0 + 0.0000011387261239450886397974520193578*x(2)^2.0 - 0.00000065279400066135163173312957523295*x(1)*x(2) - 0.0000000020426695939894023;
