function [dx]=ex2_nl_St2_FlowEq(x,u)

dx(1,1) = 0.0000018254917789279137488815265464862*x(1)^2.0 - 0.000017055875662502772982520582445432*x(2) - 0.000011226988534764059668447089279653*x(1) - 0.99999579766954671544709754016367*x(2)^2.0 + 0.0000050088561649452856272546341642737*x(1)*x(2) + 0.00001782211096618136;

dx(2,1) = 0.0000018376965860156246890255715698004*x(1) + 0.0000032640894993551938796372269280255*x(2) - 0.00000034682913336355619561963576717876*x(1)^2.0 - 0.00000076856376042544471971496022888459*x(2)^2.0 - 0.00000082801948443275709171889471017443*x(1)*x(2) - 1.0000030969954306;
