function [dx]=ex2_nl_St2_FlowEq(x,u)

dx(1,1) = 0.00000050850454696993452330389118287712*x(1) + 0.000026724775836761693881271639838815*x(2) + 0.0000031711836307596330541969109617639*x(1)^2.0 - 1.000019654216325992734937244677*x(2)^2.0 - 0.00000095465978360367854886142346409581*x(1)^3.0 + 0.0000045943151068816856508192358887754*x(2)^3.0 - 0.0000060162933297330800641589121369179*x(1)*x(2) + 0.0000026373797927560505371583048466751*x(1)*x(2)^2.0 - 0.0000001154226471899999495462907361798*x(1)^2.0*x(2) - 0.00001076071273356169;

dx(2,1) = 0.0000059550855958656612187951395753771*x(1)^2.0 - 0.000037211434043560309703480015741661*x(2) - 0.000022433598184767866712263639783487*x(1) + 0.000016865249865327669454018177930266*x(2)^2.0 - 0.00000052598246337923205315199125768944*x(1)^3.0 - 0.0000020688625431419804812094298540615*x(2)^3.0 + 0.000023758972323761895495408680289984*x(1)*x(2) - 0.0000060790031210511408232832764042541*x(1)*x(2)^2.0 - 0.000003079617870660467104926283354871*x(1)^2.0*x(2) - 0.9999753350707068;
