function [dx]=ex2_nl_St1_FlowEq(x,u)

dx(1,1) = 0.00000011518979084812540246700837656769*x(2) - 0.000000034940124465480756067926050215676*x(1) - 0.0000000016063616995418601775789876312902*x(1)^2.0 - 0.0000012106317298810024935273178996776*x(2)^2.0 + 0.00000029856107124950531816774909883424*x(1)^3.0 - 0.000012311692241047128997428495278806*x(2)^3.0 + 0.00000042228850079732690095491163274644*x(1)*x(2) + 0.000013194717891378514261509498727778*x(1)*x(2)^2.0 - 0.0000039997392249811140225998998482165*x(1)^2.0*x(2) + 0.9999999996128748;

dx(2,1) = 1.0000000258090233629104659485165*x(1) - 0.00000018282427488472584247794845901903*x(2) - 0.00000018748587473161930763831726800241*x(1)^2.0 - 0.00000086799356853873958847835898324884*x(2)^2.0 + 0.00000022654528015207988894967368990809*x(1)^3.0 + 0.0000047274336768297419626556827403822*x(2)^3.0 + 0.0000012582013821654807572382927001429*x(1)*x(2) - 0.0000011326578197480433152362809587068*x(1)*x(2)^2.0 - 0.0000012041262541055154914300481644691*x(1)^2.0*x(2) - 0.0000000013871638261455583;
