function [dx]=ex1_nl_St1_FlowEq(x,u)

dx(1,1) = 0.000003836726664818712606574990786612*x(1)^2.0 - 0.000000046110932829836192965337432377606*x(2) - 0.000017717381791015895942109636962414*x(1) + 0.000000000016726296373338958683717234756777*x(2)^2.0 + 0.000000023711447917542510305699944901467*x(1)*x(2) + 1.0000176972466388;

dx(2,1) = 0.99999594739854003044854380277684*x(1) - 0.000000005695907117925918964564659428983*x(2) + 0.0000012863479550012657526281145692337*x(1)^2.0 + 0.000000000015643278153013939884749569380207*x(2)^2.0 + 0.000000004933907150461019805442176498884*x(1)*x(2) + 0.0000018410548132397064;
