function [dx]=ex1_linear_St1_FlowEq(x,u)

dx(1,1) = 0.00000043207276156920215726131573319435*x(2) - 0.00019630230806910731189418584108353*x(1) + 0.0001380573650786587336369848344475*x(1)^2.0 - 0.0000000055517160326389035595099623465971*x(2)^2.0 - 0.000025573402293144198438312741927803*x(1)^3.0 + 0.0000000000028449329061466766851932547925385*x(2)^3.0 - 0.000000086795102216541408779448829591274*x(1)*x(2) + 0.0000000026939286626101455097498071126686*x(1)*x(2)^2.0 - 0.000000060547842406499796652497025206685*x(1)^2.0*x(2) + 1.000049627858175;

dx(2,1) = 0.99999917604966270801014616154134*x(1) - 0.000000026922645751659146640122344251722*x(2) + 0.0000035131324729320567712420597672462*x(1)^2.0 + 0.00000000051005523882177021870061780727458*x(2)^2.0 - 0.00000095232925012567193334689363837242*x(1)^3.0 - 0.0000000000023433384766180726381484978736097*x(2)^3.0 - 0.0000000084446313552977159133661189116538*x(1)*x(2) + 0.000000000066020399216992764250473704697894*x(1)*x(2)^2.0 - 0.0000000026435654290613008754462498473004*x(1)^2.0*x(2) + 0.00000009581280346893095;
