function [dx]=ex1_linear_St2_FlowEq(x,u)

dx(1,1) = 0.00011157924677718256134539842605591*x(1)^2.0 - 0.050017490059303781890776008367538*x(2) - 0.00053557333194476086646318435668945*x(1) + 0.000000099120992136381147474821773357689*x(2)^2.0 - 0.0000078073146880797139601781964302063*x(1)^3.0 - 0.00000000018519004957458749921364928333452*x(2)^3.0 + 0.0000073219321308215512544848024845123*x(1)*x(2) - 0.0000000224535825904537134078964299988*x(1)*x(2)^2.0 - 0.00000079205700131979028810746967792511*x(1)^2.0*x(2) + 0.0008042553745326586;

dx(2,1) = 0.000095077321248027146793901920318604*x(1) + 0.0000025253476607645097828935831785202*x(2) - 0.000026256827908355262479744851589203*x(1)^2.0 - 0.000000015431177002867002556740771979094*x(2)^2.0 + 0.0000024289112143804914012434892356396*x(1)^3.0 + 0.00000000002771424875615963121550970418517*x(2)^3.0 - 0.0000013582297420100530871422961354256*x(1)*x(2) + 0.000000004011622090072108903768821619451*x(1)*x(2)^2.0 + 0.00000018036459126236081829119939357042*x(1)^2.0*x(2) + 0.9998874481811981;
