function [dx]=ex1_nl_St2_FlowEq(x,u)

dx(1,1) = 0.000033017304076565778814256191253662*x(1) - 0.049999469011005714946804801002145*x(2) - 0.000004283656302561666961992159485817*x(1)^2.0 - 0.00000000015262322308751130818004236710405*x(2)^2.0 - 0.00000014120531366401678496913518756628*x(1)*x(2) - 0.0000634889212278722;

dx(2,1) = 0.0000011812217977080763375852257013321*x(1)^2.0 - 0.00000015632138339327639187104068696499*x(2) - 0.0000095781674502859459607861936092377*x(1) - 0.000000000098470237172576524300771648552042*x(2)^2.0 + 0.000000040017744895592954890162218362093*x(1)*x(2) + 1.0000193672808564;
