function [dx]=buck_cora_St3_FlowEq(x,u)

dx(1,1) = 48118.831644065809086896479129791*x(1) - 1341.8708479561166768689872696996*x(2) - 355342.40672758681466802954673767*x(1)^2.0 + 47.424643623184806529025081545115*x(2)^2.0 - 1605.2057911652450457040686160326*x(1)*x(2) + 9088.465494702321;

dx(2,1) = 6770.7926895140071792411617934704*x(1) + 155.88749165285463504915242083371*x(2) + 79003.880895938928006216883659363*x(1)^2.0 - 7.2510343615583883192243774828967*x(2)^2.0 - 628.4974959192794585760566405952*x(1)*x(2) - 1466.587814011843;
