function [dx]=stable2d_nl_St2_FlowEq(x,u)

dx(1,1) = 0.0000074530912081982592098938766866922*x(1)*x(2) - 0.99999428783648447449650120688602*x(2) - 0.000039945529934470869193319231271744*x(1)^2.0 - 0.0000014168076152287767399684526026249*x(2)^2.0 - 0.000010370089867650644777086199610494*x(1)^3.0 - 0.000000038469225055459688178416399750859*x(2)^3.0 - 0.000048136732885950550553388893604279*x(1) - 0.00000061291496744608764402073575183749*x(1)*x(2)^2.0 + 0.0000024318297975334246530110249295831*x(1)^2.0*x(2) - 0.000015448780583682264;

dx(2,1) = 0.0000055927843596315085505921160802245*x(2)^2.0 - 0.0000025591550891768122255598427727818*x(2) - 0.00017152175774193256785338235204108*x(1)^2.0 - 0.00028646349971062079475814243778586*x(1) + 0.99996551440625358608826900308486*x(1)^3.0 - 0.000000069346167419492843464468023739755*x(2)^3.0 - 0.0000063129079248547270708513678982854*x(1)*x(2) + 0.0000035100734619986084794618363957852*x(1)*x(2)^2.0 - 0.0000038510198795416172856675984803587*x(1)^2.0*x(2) - 0.0001607949217650173;
