function [dx]=stable2d_nl_St1_FlowEq(x,u)

dx(1,1) = 0.00000060224964483354482172287587685098*x(1) - 1.000000421842565989649642688164*x(2) - 0.00000046365539919191732704370682986442*x(1)^2.0 - 0.00000016290900470317331008976715982607*x(2)^2.0 + 0.00000002236389334343944454173049408909*x(1)^3.0 - 0.000000001915191054938880255043212353675*x(2)^3.0 + 0.00000064120183688273049389892809095809*x(1)*x(2) + 0.00000015110314714425903880996816887752*x(1)*x(2)^2.0 - 0.00000023987297996268042153946432937787*x(1)^2.0*x(2) - 0.00000023902594432375955;

dx(2,1) = 0.000000064882544412246910721127530630476*x(2) - 0.000000083621477086839738663989499214611*x(1) + 1.0000005689013207188509113620967*x(1)^2.0 + 0.0000001050434366191119071959418019847*x(2)^2.0 - 0.0000002653242380642125796631046472679*x(1)^3.0 + 0.0000000061800909314525144018457803001372*x(2)^3.0 - 0.00000026559675961960994138506180904152*x(1)*x(2) - 0.000000081554102371211279136079446049534*x(1)*x(2)^2.0 + 0.0000000051391256458851818629054575442409*x(1)^2.0*x(2) - 0.0000002644327642465978;
