function [dx]=buckConverter_St3_FlowEq(x,u)

dx(1,1) = 24237.331723973624320933595299721*x(1) + 160.93236812067439700513205025345*x(2) - 59041.09202659126458456739783287*x(1)^2.0 - 6.0730296503887597481252669240348*x(2)^2.0 - 1766.7146486654703494423301890492*x(1)*x(2) - 1010.2706704047573;

dx(2,1) = 175.34890610530860044491419102997*x(2) - 51984.559350213938159868121147156*x(1) - 292669.79836094425991177558898926*x(1)^2.0 - 7.4100963215899380287510211928748*x(2)^2.0 + 4252.0698738772953220177441835403*x(1)*x(2) - 778.449980409669;
