function [dx]=buckConverter_St2_FlowEq(x,u)

dx(1,1) = 47.044199179835842983266047667712*x(2) - 54.604783172009554448322887765244*x(1) - 7.6136057734332309721025922044646*x(1)^2.0 - 2.1800957916393870483773298474262*x(2)^2.0 + 5.668960414493485977516229468165*x(1)*x(2) - 300.1548105344621;

dx(2,1) = 10.891594914001803573455617879517*x(1)^2.0 - 707.96089249495207695872522890568*x(2) - 81.241296606754531239857897162437*x(1) + 24.906070843169256789906285121106*x(2)^2.0 + 0.28655232365782146164434607271687*x(1)*x(2) + 5004.196714416355;
