function [dx]=buckConverter_St1_FlowEq(x,u)

dx(1,1) = 6.4699506730585261138344321807381*x(1)^2.0 - 232.7132907597685402834031265229*x(2) - 373.8183807960629678746045101434*x(1) - 0.020311515847343426799387344772185*x(2)^2.0 + 28.958993727140448726231625187211*x(1)*x(2) + 2789.2762602924136;

dx(2,1) = 1099.6270137898072789539583027363*x(2) - 81.361076927661159174931526649743*x(1) - 22.819941032098991939847110188566*x(1)^2.0 - 78.782524594056297928545973263681*x(2)^2.0 + 28.835064229946080871513913734816*x(1)*x(2) - 2411.53905560294;
